lastAccountName: Giaco131
timestamps:
  login: 1476279178730
  logout: 1476283212348
  kits:
    utente: 1476108036366
    programmatore: 1476193566125
    cpp: 1476190531443
    c: 1476218404599
    java: 1476190523640
    sql: 1476280963931
    testestaffer: 1476280802888
  lastteleport: 1476221771497
  lastheal: 1476219907249
  mute: 0
ipAddress: 25.65.83.202
afk: false
godmode: false
logoutlocation:
  world: world
  x: -4.210325920990872
  y: 60.0
  z: 84.69999998807909
  yaw: 3.4290466
  pitch: 4.898345
lastlocation:
  world: world
  x: -66.69999998807904
  y: 60.0
  z: 77.69999998807909
  yaw: 208.76685
  pitch: 6.989658
muted: false
