lastAccountName: Giaco131
timestamps:
  login: 1476042409966
  logout: 1476043898052
  kits:
    utente: 1476044318373
  lastteleport: 1476045606215
ipAddress: 25.65.83.202
afk: false
godmode: false
logoutlocation:
  world: world
  x: 16.216498242860336
  y: 49.89139292531774
  z: 56.70024901237182
  yaw: -261.49124
  pitch: 17.130266
lastlocation:
  world: world
  x: -43.704135147597704
  y: 45.0
  z: 14.498362544114071
  yaw: -269.7318
  pitch: 19.562372
nickname: "\xa76G\xa7fiaco"
