lastAccountName: Dalla_98
timestamps:
  login: 1476220809250
  kits:
    programmatore: 1476220749443
    cpp: 1476218184088
    c: 1476218177737
    java: 1476218192141
    sql: 1476214091053
    testestaffer: 1476219024740
  lastteleport: 1476218153229
  logout: 1476221946038
  lastheal: 1476218979422
ipAddress: 25.71.232.124
nickname: Dalla_98
lastlocation:
  world: world
  x: -20.692744342554086
  y: 40.03303217856061
  z: 74.03620058239588
  yaw: -155.14056
  pitch: -90.0
logoutlocation:
  world: world
  x: -32.276831735504764
  y: 62.0
  z: 62.93691890510725
  yaw: -5.0077515
  pitch: 14.370629
