lastAccountName: Firox24
timestamps:
  login: 1476030231598
  logout: 1476030430456
ipAddress: 25.73.67.225
logoutlocation:
  world: world
  x: -18.137518948141384
  y: 45.0
  z: 44.807541774287074
  yaw: 8.250055
  pitch: -1.0500004
