lastAccountName: P_Kelsey
timestamps:
  login: 1476212839675
  kits:
    utente: 1476108180315
  logout: 1476212842537
ipAddress: 25.65.83.202
logoutlocation:
  world: world
  x: -20.382876789610805
  y: 45.0
  z: 13.465449154496067
  yaw: -87.29414
  pitch: 5.1047273
lastlocation:
  world: world
  x: -20.382876789610805
  y: 45.0
  z: 13.465449154496067
  yaw: -92.43307
  pitch: 0.2740892
