spawns: 
  "@a": 
    world: world
    x: -20.382876789610805
    y: 45.0
    z: 13.465449154496067
    yaw: -89.41818
    pitch: -0.616667
  default: 
    world: world
    x: -20.382876789610805
    y: 45.0
    z: 13.465449154496067
    yaw: -89.41818
    pitch: -0.616667
