spawns: 
  "@a": 
    world: world
    x: -20.382876789610805
    y: 45.0
    z: 13.465449154496067
    yaw: -89.41818
    pitch: -0.616667
  default: 
    world: world
    x: -32.499369812791265
    y: 61.0
    z: 59.52031715517021
    yaw: -269.76294
    pitch: -2.7071593
